Total lines processed: 2000

unauthorized_access: 20.75%
Detected at lines: 3, 4, 5, 6, 7, 8, 9, 10, 11, 12, 13, 20, 22, 24, 26, 28, 32, 34, 35, 36, 38, 40, 42, 44, 46, 48, 50, 52, 54, 56, 58, 60, 62, 64, 66, 68, 70, 72, 91, 102, 104, 106, 108, 110, 112, 114, 116, 118, 120, 169, 171, 173, 175, 177, 179, 181, 183, 185, 187, 193, 194, 195, 196, 197, 198, 199, 200, 201, 202, 203, 204, 205, 206, 207, 208, 209, 210, 211, 212, 213, 214, 215, 216, 217, 218, 219, 220, 221, 228, 230, 232, 234, 236, 238, 240, 242, 244, 246, 270, 271, 272, 273, 274, 275, 276, 277, 278, 279, 281, 287, 288, 289, 290, 291, 292, 293, 294, 295, 320, 322, 324, 326, 328, 330, 332, 334, 336, 338, 383, 384, 385, 386, 387, 393, 394, 395, 396, 397, 398, 399, 400, 401, 402, 403, 404, 405, 406, 407, 408, 409, 410, 411, 413, 415, 417, 419, 421, 450, 451, 452, 453, 454, 455, 456, 457, 458, 459, 483, 484, 485, 486, 487, 488, 489, 490, 491, 492, 493, 494, 495, 509, 511, 513, 515, 517, 519, 521, 523, 524, 525, 526, 527, 528, 529, 530, 531, 532, 533, 534, 535, 536, 537, 538, 1136, 1137, 1138, 1139, 1140, 1141, 1142, 1143, 1144, 1145, 1146, 1147, 1148, 1149, 1150, 1151, 1152, 1153, 1154, 1155, 1156, 1157, 1158, 1159, 1160, 1161, 1162, 1163, 1164, 1165, 1166, 1167, 1168, 1169, 1170, 1171, 1172, 1173, 1174, 1175, 1176, 1177, 1178, 1179, 1180, 1181, 1182, 1183, 1184, 1185, 1186, 1187, 1188, 1189, 1190, 1191, 1192, 1193, 1194, 1195, 1196, 1197, 1198, 1199, 1200, 1201, 1202, 1203, 1204, 1205, 1206, 1207, 1208, 1209, 1210, 1211, 1212, 1213, 1214, 1215, 1216, 1217, 1218, 1219, 1220, 1221, 1222, 1223, 1224, 1225, 1226, 1227, 1228, 1229, 1230, 1231, 1232, 1233, 1234, 1235, 1242, 1244, 1245, 1246, 1247, 1248, 1249, 1250, 1251, 1252, 1253, 1259, 1260, 1261, 1262, 1263, 1264, 1265, 1266, 1267, 1268, 1285, 1286, 1287, 1288, 1289, 1290, 1291, 1292, 1293, 1294, 1295, 1296, 1297, 1298, 1299, 1300, 1301, 1302, 1430, 1431, 1432, 1575, 1577, 1579, 1581, 1583, 1585, 1587, 1589, 1591, 1593, 1599, 1600, 1601, 1602, 1603, 1604, 1605, 1606, 1607, 1608, 1615, 1617, 1619, 1621, 1623, 1624, 1625, 1626, 1627, 1656, 1657, 1714, 1715, 1716, 1717, 1718, 1719, 1720, 1721, 1722, 1723, 1724, 1758, 1759, 1760, 1761, 1762, 1879, 1880, 1881, 1882, 1883, 1884, 1885, 1886, 1887, 1888, 1889, 1890, 1891, 1892, 1893, 1894, 1895, 1896, 1897, 1898, 1899, 1900, 1901
Remedy: Reset passwords, implement multi-factor authentication, and review access logs.
Maximum activity occurred: 4 PM (Frequency: 90)

sql_injection: 0.15%
Detected at lines: 1911, 1933, 1958
Remedy: Sanitize all user inputs, use prepared statements, and implement web application firewalls.
Maximum activity occurred: 2 PM (Frequency: 3)

No suspicious activity detected.
